 no cate site   --scores of questionnaire--   totel score
  1   P   3      9  5  4  4  4  8  8  5  9       661
  2   R   4      6  8  6  6  6  7  6  6  3     error_site
  3   P   3      4  4  9  5  9  9  6  9  5       655
  4   R   1      4  4  5  4  4  4  4  6  4       427
  5   R   1      5  6  6  4  5  5  7  6  5       520
  6   P   1      9  5  8  8  6  8  7  5  9       754
  7   P   1      6  9 10  8  7  7 10 10  7       782
  8   P   2      3  6  7  7  6  6  7  6  5       574
  9   P   4      9  5  6  8  8  8  9  9  5     error_site
 10   K   1     10  7  8  9  6  5  9  4  9     error_cate
 11   P   2      3  3  4  8  6  3  6  7  3       466
 12   P   1     10  6 10  7  7  7  5  8 10       765
 13   P   2      7  4  7  3  3  6  4  8  7       534
 14   K   2      4  4  5  8  6  5  7  6  4     error_cate
 15   R   3      5  4  2  2  2  3  5  4  4       323
 16   P   1      5 10 10  8  9  8  7  7  9       771
 17   K   2      7  7  7 10  8  4  7  5  8     error_cate
 18   R   2      6  6  8  5  7  7  7  5  6       617
 19   R   3      2  5  4  4  4  4  2  4  2       345
 20   R   1      5  7  6  6  6  5  5  6  7       584
 21   P   3      7  5  7  7  4  9  8  5  7       704
 22   R   2      5  7  6  5  5  6 10 10  8       641
 23   R   1      7  5  6  4  4  5  7  6  7       544
 24   R   1      4  4  6  6  7  7  5  5  6       559
 25   K   3      7  6  5 10  6  9  9  4 10     error_cate
 26   P   2      6  6  6  5  6  5  6  6  7       566
 27   P   1      8  6  9  8  5  9  7  5  9       766
 28   P   2      6  4  4  6  8  7  4  3  4       560
 29   P   1      5  6  9  6  8  9  8  8  9       732
 30   R   2      8  5  7  6  5  8  8  7  8       674
 31   R   2      7  5  5  7  4  6  4  5  4       554
 32   P   3      5  5  8  9  9  7  8  6  6       700
 33   P   2      6  5  5  6  7  4  5  5  3       516
 34   R   1      4  5  6  5  6  7  5  4  5       514
 35   P   2      3  5  8  5  7  8  6  5  5       575
 36   P   3      6  9  4  8  6  6  8  8  9       694
 37   R   2      7  8  7  6  6 10  5 10  7       697
 38   P   2      3  7  3  6  6  3  5  5  7       458
 39   K   3      8  6  5  7 10 10  4  8  4     error_cate
 40   R   1      4  5  6  4  4  7  4  7  5       480
 41   R   3      2  5  2  3  2  2  5  3  2       281
 42   R   3      3  5  2  5  5  5  5  2  5       415
 43   P   3      6  5  5  8  8  7  8  6  5       671
 44   R   3      2  2  3  4  3  5  2  3  2       299
 45   R   1      6  7  6  4  5  7  7  7  6       571
 46   P   3      6  8  8  4  5  9  4  6  4       626
 47   R   2      7  6  5  9  8  8  5  9  9       753
 48   P   1      6  7  8  6 10  7  5  9  8       692
 49   P   3      4  5  6  8  8  7  5  9  7       641
 50   P   1      7  6  9  6  9  5  9  6  8       676
 51   R   2      7  7  6  8  5 10  6  9  7       716
 52   R   2      7 10  5  9 10 10  7 10  6       825
 53   R   3      2  5  3  4  5  2  2  4  5       356
 54   P   1      7  9 10 10 10 10  7  7  8       878
 55   R   3      3  2  4  3  2  5  4  3  3       313
 56   P   2      5  3  7  5  3  6  5  8  3       512
 57   R   3      4  4  4  2  3  2  5  2  5       326
 58   P   2      4  8  4  4  7  7  5  8  5       564
 59   P   3      7  8  4  6  4  8  9  9  8       713
 60   P   2      3  6  6  7  7  7  6  5  3       571
 61   P   2      7  6  5  3  4  8  6  6  7       599
 62   R   1      4  4  7  6  5  4  7  6  4       536
 63   R   1      6  6  5  5  4  7  4  5  6       520
 64   R   2      9  6  5 10  6  6  6  6  6       728
 65   R   1      6  8  6  8  6  5  8  6  5       666
 66   P   3      9  6  8  8  6  8  4  7  4       719
 67   P   1      7  9  9  6  7 10 10  8  6       812
 68   P   2      5  5  5  5  4  7  8  6  5       575
 69   R   1      7  6  7  6  4  6  6  5  5       583
 70   R   3      4  4  4  3  3  2  5  2  3       335
 71   R   2     10 10  9  7  7  8  9 10  9       850
 72   R   2      7  5  6  9 10  9 10  7  9       818
 73   P   1      6  6  9 10  5  5  7  7  6       669
 74   P   3      5  7  9  6  6  5  5  4  7       567
 75   R   1      4  2  3  4  5  3  5  5  2       385
 76   R   2      8  5  5  9  7  5  6  9  8       729
 77   R   3      5  3  4  3  4  3  3  3  4       359
 78   R   3      4  4  5  2  4  3  2  2  3       313
 79   P   4      5  7  7  7 10  7  6  7  5     error_site
 80   R   2      7  8  9  9  9  9  6  5  5       774
 81   P   3      4  4  4  4  7  5  5  9  8       509
 82   R   3      3  2  4  2  4  4  4  2  3       300
 83   P   4      5  5  7  9  5  5  6  9  7     error_site
 84   P   3      9  9  7  5  4  8  8  8  7       736
 85   P   1      8 10  9  5  8  9  8  7 10       800
 86   P   1      5  9 10  6  6  7  9  7  8       700
 87   P   1      9 10  7  9  5  7  6  6  8       766
 88   P   3      5  4  7  8  5  6  6  7  8       614
 89   P   1      8  5  9  9  7  5 10  6  6       719
 90   P   3      5  9  7  4  6  9  4  9  7       653
 91   P   1      8  7  8  7  7  7  8 10 10       769
 92   P   3     10  6  8  6  9  9  8  6  8       804
 93   P   3      7  7  5  7  4  7  8  5  4       647
  
 total_quest =  93
 err_cate =  5  , err_site =  4
  
 cate-site  number_of_grades(C,B,A,A+) number_of_ques ave_of_score grade_of_site
    P1           0    0    6   10            16          753.19          A+
    P2           0    5    8    0            13          543.85          B 
    P3           0    1   15    1            17          665.53          A 
    R1           1   11    1    0            13          529.92          B 
    R2           0    1    9    3            13          721.23          A 
    R3          11    1    0    0            12          330.42          C 
