 backsight  foresight  height: 99.500
 1.833                 
 1.378       0.764
 3.496       3.227
 1.555       2.673
 0.269       1.323
 0.110       1.246
 1.735       0.511
 2.942       0.633
 4.390       2.964
 2.673       3.253
 3.335       1.678
 1.267       1.329
 3.472       0.184
 0.742       2.667
 0.257       2.030
 2.658       0.463
 1.963       1.636
 2.614       3.332
 1.793       2.603
 1.269       4.883
 0.158       1.545
 2.157       2.887
 1.268       1.354
 1.464       0.614
             1.016
