R    128   260    328    554    510    286   100.2
B1   179   345    368    1600   1260   416   66.2
R    86    179    208    318    438    148   60.8
B1   367   498    788    1205   1066   682   68.3
R    212   250    641    1170   1284   592   212.5
B2   218   338    501    866    1092   819   78.4
R    102   158    260    430    450    202   80.9
R    150   255    361    582    663    367   99.2
B2   210   318    529    777    789    368   80.7
R    187   243    274    469    614    396   150.3
B1   350   348    389    746    1153   333   92.5
R    178   270    212    667    769    646   160.5
R    185   233    395    582    815    368   125.3
B2   328   425    603    928    1455   819   81.6
R    187   207    256    621    628    350   77.2
B1   192   211    255    503    715    301   45.8
R    163   284    332    597    821    412   183.5
R    88    121    150    348    350    165   65.8
R    186   273    260    500    612    413   77.9
R    277   333    407    1084   1450   407   132.3
B1   464   767    822    2051   2412   1346  200.3
R    137   206    360    658    833    405   95.3
R    100   248    369    509    706    439   121.6
B2   367   545    830    1546   1689   1497  180.5
R    137   253    278    618    790    309   113.6
B1   173   244    486    1066   970    464   72.1
B1   179   293    362    794    813    436   84.5
B1   195   211    336    507    855    481   72.2
R    199   210    250    570    703    344   96.2
R    160   206    358    514    615    471   78.5
R    181   273    378    570    867    347   163.2
B2   494   556    925    1568   1837   1068  119.5
R    374   514    534    1210   1541   887   218.3
R    110   245    343    556    834    487   88.2
B2   319   488    979    1701   1458   879   95.6
B1   389   442    856    1026   1766   656   165.2
R    185   206    203    545    771    449   124.5
B1   599   724    921    1506   1692   966   120.6
B2   658   658    780    1310   1500   999   192.5
R    140   256    340    614    831    356   182.2
R    394   521    406    1021   1211   985   195.3
B1   378   316    514    856    862    540   55.8