  101001 0  1  1  0  0  1  1  0  0  1  1  0  1  1  1  0  1  1
  101003 1  1  1  1  0  1  1  1  1  1  1  1  1  1  0  1  0  1
  101004 1  1  1  1  1  1  1  1  1  1  1  0  1  1  0  1  1  1
  101007 0  1  1  1  1  0  1  1  1  1  1  1  0  1  1  0  1  1
  101010 0  1  1  0  1  0  1  1  1  0  1  1  1  1  1  0  0  1
  101012 1  0  1  1  1  1  0  1  0  1  1  1  1  1  1  0  1  1
  101015 1  1  1  1  1  1  1  0  1  1  1  0  0  1  1  0  1  1
  101018 1  1  1  1  1  1  1  0  1  1  1  1  1  1  1  1  1  1
  101020 1  1  0  1  0  1  1  1  1  1  1  1  0  0  0  1  1  1
  101021 1  1  1  1  1  1  1  0  1  1  1  1  1  1  1  1  1  1
  101022 1  0  1  1  1  1  0  1  0  1  1  1  1  1  0  1  0  0
  101024 0  1  0  0  0  1  0  0  1  1  1  1  1  0  1  0  1  1
  101025 1  0  1  1  1  1  1  0  1  1  1  1  1  1  1  1  1  1
  101028 1  1  1  0  0  1  0  0  1  1  1  0  1  1  1  1  0  1
  101030 1  1  1  1  1  1  1  1  0  1  1  1  1  1  1  0  1  1
  101031 1  0  1  1  1  1  1  1  0  0  1  0  1  1  1  0  0  1
  101034 1  1  1  1  1  1  1  1  1  1  1  1  1  1  1  1  1  1
  101036 1  1  1  0  1  0  1  0  1  1  1  1  1  0  1  1  1  1
  101037 1  1  1  1  1  1  1  1  1  1  1  0  1  1  1  1  1  0
  101040 1  1  1  1  1  1  1  1  1  1  1  1  0  1  1  0  1  1
  101042 0  1  1  0  1  1  1  0  1  1  0  1  0  1  1  0  1  0
