 1  M  28  70.5  180.4
 2  M  34  68.5  165.3
 3  F  65  56.0  154.5
 2  F  62  49.2  155.2
 1  F  30  65.2  156.4
 1  M  58  60.2  170.4
 3  M  21  50.2  155.1
 2  F  49  49.8  150.2
 2  C  45  53.5  150.4
 3  M  66  78.2  165.3
 3  F  58  50.8  163.1
 3  M  30  82.3  180.4
 3  M  50  58.2  169.2
 6  F  24  58.8  160.5
 1  K  45  45.1  148.2
 5  M  62  62.5  164.3
 7  M  77  49.2  162.4
 5  M  65  60.3  162.1
 4  M  29  62.5  156.2
 6  M  58  62.3  158.2
 4  R  25  56.1  168.2
 4  F  60  55.6  167.5
 6  F  70  50.3  155.3
 5  F  43  52.2  158.2
 4  M  60  51.2  158.3
 0  F  34  69.3  160.8
 3  F  31  65.9  170.2