 no.  index  gender age  weight  height     BMR
  1     1      M     28   70.5   180.4      1743
  2     2      M     34   68.5   165.3      1671
  3     3      F     65   56.0   154.5      1195
  4     2      F     62   49.2   155.2      1003
  5     1      F     30   65.2   156.4      1405
  6     1      M     58   60.2   170.4       948
  7     3      M     21   50.2   155.1      1906
  8     2      F     49   49.8   150.2      1264
  9     2      C     45   53.5   150.4  Wrong gender!
 10     3      M     66   78.2   165.3      1482
 11     3      F     58   50.8   163.1      1204
 12     3      M     30   82.3   180.4      2600
 13     3      M     50   58.2   169.2      1606
 14     6      F     24   58.8   160.5      2759
 15     1      K     45   45.1   148.2  Wrong gender!
 16     5      M     62   62.5   164.3      1594
 17     7      M     77   49.2   162.4  Wrong index!
 18     5      M     65   60.3   162.1      1500
 19     4      M     29   62.5   156.2      2334
 20     6      M     58   62.3   158.2      1856
 21     4      R     25   56.1   168.2  Wrong gender!
 22     4      F     60   55.6   167.5      1403
 23     6      F     70   50.3   155.3      1609
 24     5      F     43   52.2   158.2      1923
 25     4      M     60   51.2   158.3      1221
 26     0      F     34   69.3   160.8  Wrong index!
 27     3      F     31   65.9   170.2      1798
 Total =  27
 Male =  12,  Female =  10,  Gender error =  3,  Index error =  2
 Male (index 1-6)  :  2  1  4  2  2  1
 Female(index=1-6) :  1  2  3  1  1  2
