 101001   74    70    66    76    88
 101002   94    80    43    85    52
 101004   57    98    81    63    48
 101005   44    90   100    99    81
 101008   85    76    61    67    62
 101009   57    57    76    80    98
 101010   98    47    86    86    72
 101012   46    69    42    57    60
 101014  100    93    87    97    89
 101015   55    84    70    61    72
 101017  100    66    82    54    97
 101018   67    50    73    54    80
 101020   74    60    84    48    75
 101021   65    74    46    72    48
 101023   88   100    68    64    87
 101024   54    39    21    52    10
 101027   98    70    97    82    75
 101029   73    81   100    98   100
 101031   81    69   100    87   100
 101034   73    46    45    64    40
 101037   84    84    89   100   100
 101038   97    53    70    52    50
 101039   50    37    61    85    43
 101041   90    71   100    80   100
 101042   65    84    78    51    60
 101044   61    75    75    88    59
 101045  100    90    73    63    85
 101048   80    92    81    69    80
 101049   84    58    52    58    92
 101050   73    85    89    51    62
 101052   30    38    64    43    37
 101054   75    82    87    79   100
 101055   50    80    87    77    57
 101057   99    87    87    96    95
 101058   91   100    99    91    91
 101059   62    96    52    40    50
 101060   64    59    56    97    57
 101062   57    94    96    91    79
 101063   43    48    36    73    77
 101064   33    54    66    76    51
 101068   46    72    73    60    56
 101069   91   100    84    73    77
 101071   99    85   100    65    54
 101073   74    70    73    67    78
 101074   73    73    95    87    78
 101076   93    93    90    89    92
 101077   95    81    91    76    67
 101080   94    74    63   100    66
