 number Chinese Math English History Geography κだ睽А 单浓睽А
 101001   74     70    66      76       88       72.92      2.83
 101002   94     80    43      85       52       77.23      3.15
 101004   57     98    81      63       48       73.54      2.51
 101005   44     90   100      99       81       78.08      2.84
 101008   85     76    61      67       62       74.00      2.90
 101009   57     57    76      80       98       66.62      1.98
 101010   98     47    86      86       72       76.62      2.76
 101012   46     69    42      57       60       55.23      0.99
 101014  100     93    87      97       89       94.54      4.23
 101015   55     84    70      61       72       68.46      2.33
 101017  100     66    82      54       97       79.46      2.99
 101018   67     50    73      54       80       61.69      1.92
 101020   74     60    84      48       75       67.31      2.25
 101021   65     74    46      72       48       64.62      1.95
 101023   88    100    68      64       87       84.85      3.52
 101024   54     39    21      52       10       40.62      0.46
 101027   98     70    97      82       75       85.00      3.62
 101029   73     81   100      98      100       85.54      3.72
 101031   81     69   100      87      100       82.62      3.45
 101034   73     46    45      64       40       56.46      1.23
 101037   84     84    89     100      100       88.46      3.88
 101038   97     53    70      52       50       68.77      2.28
 101039   50     37    61      85       43       52.54      1.18
 101041   90     71   100      80      100       84.92      3.62
 101042   65     84    78      51       60       70.31      2.55
 101044   61     75    75      88       59       71.46      2.60
 101045  100     90    73      63       85       85.92      3.63
 101048   80     92    81      69       80       82.15      3.58
 101049   84     58    52      58       92       67.69      2.06
 101050   73     85    89      51       62       74.92      3.05
 101052   30     38    64      43       37       40.23      0.31
 101054   75     82    87      79      100       81.54      3.52
 101055   50     80    87      77       57       69.62      2.65
 101057   99     87    87      96       95       92.69      4.16
 101058   91    100    99      91       91       95.00      4.14
 101059   62     96    52      40       50       66.62      2.08
 101060   64     59    56      97       57       65.77      1.82
 101062   57     94    96      91       79       81.31      3.16
 101063   43     48    36      73       77       50.69      0.72
 101064   33     54    66      76       51       52.54      1.15
 101068   46     72    73      60       56       61.08      1.63
 101069   91    100    84      73       77       88.85      3.84
 101071   99     85   100      65       54       86.15      3.60
 101073   74     70    73      67       78       71.85      2.82
 101074   73     73    95      87       78       78.92      3.38
 101076   93     93    90      89       92       91.85      4.18
 101077   95     81    91      76       67       85.00      3.72
 101080   94     74    63     100       66       81.85      3.37

 ZH计: 48
 κだ瞍萎妞H计: 41
 单浓瞍萎妞H计: 40

 κだ睽ZキА:   73.63
 κだ瞍萎妾胎А: 77.70

 单浓睽ZキА:    2.71
 单浓瞍萎妾胎А:  3.07

 κだ瞰eきW:  101058  101014  101057  101076  101069
 单浓瞰eきW:  101014  101076  101057  101058  101037

 κだ睽А   U跋丁H计
 100~90   90~80   80~70   70~60   60~50   50~0
    4      14      12      11       5       2

 单浓睽А   U跋丁H计
 4.3~4.1   4.1~3.7   3.7~2.7   2.7~1.7   1.7~1.0   1.0~0
    4         4        19        13         4        4
